379 145
697 720
80 486
492 449
147 585
204 549
481 421
208 699
7 520
665 767
615 272
865 560
740 699
438 96
799 367
547 250
751 574
610 68
600 423
38 400
380 667
402 11
114 767
886 380
530 462
594 190
244 77
425 0
33 577
704 754
171 767
441 133
456 661
309 72
271 634
450 200
374 52
452 371
232 624
868 444
59 562
605 250
611 144
850 426
258 124
489 313
811 565
170 676
127 714
173 592
631 235
482 17
480 173
477 576
472 80
84 758
468 473
136 539
349 27
617 345
844 482
736 543
297 93
726 746
639 211
1 588
414 367
749 738
710 109
290 62
568 452
307 11
500 146
400 77
557 271
531 408
830 466
769 545
513 201
458 176
505 108
593 230
46 497
866 477
494 367
220 649
804 440
595 19
391 616
514 40
419 696
594 319
454 434
690 692
505 0
809 491
420 23
477 139
568 303
524 98
168 561
590 43
858 361
456 628
562 219
61 453
673 742
319 92
181 527
422 599
583 278
113 527
513 488
226 544
19 492
561 128
442 46
510 339
286 18
523 119
500 392
182 720
548 203
303 134
723 559
292 628
705 150
461 0
744 608
36 540
501 231
589 451
302 659
584 116
761 706
333 125
832 586
96 447
651 291
791 679
155 618
569 477
118 559
314 632
321 668
13 561
833 550
162 540
168 699
645 373
577 89
638 334
820 719
800 750
749 677
628 158
449 699
341 101
497 623
172 637
651 263
275 677
170 740
378 113
139 734
499 659
802 706
815 626
131 515
547 30
431 654
477 114
573 329
310 602
471 327
312 163
541 373
419 109
548 430
415 166
266 43
330 46
632 100
68 543
797 600
645 313
516 428
196 585
235 585
652 236
428 342
753 767
523 76
547 299
637 183
282 135
214 0
795 638
215 63
443 583
227 37
390 589
766 598
374 83
602 374
483 682
716 615
826 356
749 383
774 574
474 44
402 37
563 0
332 643
546 334
283 598
0 426
542 53
472 641
413 326
80 525
570 151
263 0
582 354
313 113
14 454
0 385
477 202
889 403
422 388
290 115
512 164
573 21
337 150
527 292
832 528
215 569
403 131
545 80
583 210
582 65
334 0
244 106
432 180
610 303
455 20
718 133
403 633
64 511
838 390
580 378
143 687
799 336
623 375
519 641
643 48
576 250
530 143
620 36
143 767
347 72
195 679
39 440
254 621
644 141
782 767
490 595
381 23
665 685
537 1
618 214
781 622
105 744
616 401
358 142
814 767
782 734
434 155
421 54
676 721
215 609
243 24
874 421
437 407
239 660
547 395
268 85
207 767
503 82
213 527
546 174
563 105
569 422
