379 145
80 486
492 449
204 549
612 388
530 462
33 577
704 754
171 767
394 677
374 52
587 434
387 0
489 313
425 130
173 592
482 17
480 173
682 707
472 80
106 767
341 5
617 345
297 93
462 160
557 271
531 408
830 466
505 108
46 497
598 79
568 420
552 39
505 0
703 720
417 372
524 98
168 561
858 361
562 219
61 453
319 92
757 574
422 599
113 527
513 488
19 492
561 128
442 46
510 339
286 18
465 587
523 119
500 392
182 720
548 203
723 559
303 134
292 628
452 351
705 150
744 608
501 231
522 25
809 454
584 116
849 410
762 540
61 560
333 125
155 618
442 153
314 632
460 207
833 550
162 540
84 459
486 362
168 699
820 719
589 194
17 526
518 152
341 101
463 621
497 623
866 569
7 597
170 740
378 113
499 659
802 706
594 240
815 626
430 681
226 533
477 114
541 373
886 398
548 430
600 41
415 166
266 43
330 46
430 649
797 600
417 77
652 236
428 342
0 557
547 299
508 200
349 36
757 755
637 183
282 135
241 628
443 583
242 602
228 11
290 660
752 691
766 598
374 83
238 79
483 682
402 37
546 334
0 426
472 641
413 326
80 525
570 151
263 0
113 559
745 390
26 410
313 113
14 454
0 385
625 217
592 278
572 85
290 115
187 624
223 52
635 262
573 21
789 576
215 569
858 437
201 527
353 148
126 734
545 80
286 67
582 65
272 681
445 114
265 641
558 0
567 463
432 180
481 45
610 303
455 20
406 118
574 358
191 696
718 133
403 633
819 566
518 309
521 63
318 149
143 687
465 329
519 641
643 48
649 369
245 47
859 462
796 680
143 767
347 72
469 424
522 436
39 440
543 239
773 692
266 604
152 591
602 10
381 23
665 685
811 421
462 389
823 526
308 596
537 1
485 476
583 0
67 767
831 605
822 376
781 622
238 105
105 744
148 732
430 0
207 638
808 351
609 160
814 767
497 593
336 648
782 734
585 324
137 533
693 104
491 154
398 600
883 376
473 459
215 609
808 476
408 97
874 421
239 660
399 151
645 319
380 659
307 31
732 732
207 767
438 389
503 82
634 291
57 526
650 137
762 714
46 544
456 689
546 174
563 105
270 108
414 18
