480 112
376 50
344 70
572 18
402 37
468 138
545 83
377 142
471 75
526 98
522 25
579 64
539 120
543 333
463 625
491 152
370 109
569 148
598 79
79 525
582 354
290 62
300 90
470 19
583 322
584 116
482 364
593 238
414 81
527 372
404 625
349 36
546 176
336 124
376 83
434 41
600 41
594 190
326 44
733 732
551 434
577 89
704 751
546 298
341 104
519 313
583 278
563 107
560 266
445 116
423 132
432 175
325 15
322 93
513 336
478 173
53 485
618 214
545 229
695 717
429 617
407 117
795 703
112 526
614 328
791 679
612 388
80 487
14 454
268 42
21 492
501 200
454 353
480 44
39 440
134 533
754 693
473 418
290 115
502 81
118 559
550 203
813 475
479 313
307 29
688 694
674 747
613 155
638 285
500 388
756 715
286 15
782 740
811 626
815 420
429 343
200 567
237 658
191 696
85 460
182 719
11 542
287 628
518 152
504 0
228 11
823 526
61 560
29 568
762 756
564 459
316 150
520 65
253 72
498 622
645 313
611 304
620 36
635 181
168 564
566 218
190 626
539 0
639 211
506 106
520 435
244 49
430 679
173 594
210 634
415 326
490 595
826 600
152 591
436 366
635 263
477 671
312 634
180 532
301 133
489 450
241 582
155 618
398 152
465 583
264 639
499 656
797 600
670 683
517 638
867 419
242 103
741 611
576 250
808 449
441 392
823 372
776 622
460 0
764 595
517 227
142 684
461 386
837 545
534 461
525 200
308 592
653 235
552 39
275 677
460 207
587 434
425 0
832 465
607 355
885 396
467 648
241 628
497 300
45 540
455 682
29 524
451 418
420 596
397 601
223 47
62 451
0 561
266 604
859 462
26 409
867 442
368 15
810 352
496 417
0 388
781 573
811 565
224 75
532 408
215 609
602 10
2 425
766 541
631 235
462 160
505 468
484 336
431 654
395 11
477 195
441 153
95 538
389 646
743 553
547 250
555 376
380 667
135 573
298 653
7 520
410 689
510 488
47 511
820 719
567 308
220 555
263 0
643 48
568 420
687 767
593 140
181 676
799 752
750 384
858 552
450 602
695 105
32 591
170 740
582 166
633 357
726 754
242 28
636 150
168 695
485 474
751 574
313 115
414 367
139 734
420 23
638 334
665 767
717 122
172 637
7 597
510 128
435 94
487 219
632 100
336 648
812 544
723 559
838 390
210 715
521 661
419 388
96 743
705 150
210 526
781 767
844 482
436 700
814 767
615 272
657 256
580 378
258 124
850 407
53 581
207 767
0 484
127 706
306 0
654 377
610 414
200 653
173 767
277 148
850 362
496 246
716 615
69 767
866 578
143 767
