242 602
26 450
610 39
617 345
594 123
308 596
146 605
472 80
607 86
546 334
442 46
47 485
0 426
594 240
625 217
255 79
589 194
508 200
609 160
378 113
486 362
592 278
574 358
541 373
463 621
557 271
637 183
546 174
374 52
585 324
469 424
403 633
402 37
567 463
470 19
543 239
497 593
347 72
518 309
477 114
573 21
545 80
432 180
33 577
265 641
519 641
822 376
500 392
570 151
239 660
462 181
182 720
286 67
645 319
286 18
548 430
634 291
762 714
379 145
292 628
137 533
823 526
187 624
815 626
430 681
483 682
510 339
682 707
797 600
537 1
802 706
333 125
542 119
462 389
689 748
330 46
465 329
113 559
245 47
492 449
413 326
744 608
582 65
225 0
0 385
808 476
270 108
272 681
430 0
238 105
323 14
465 587
425 130
417 77
757 755
491 154
886 398
68 543
84 459
282 135
13 541
547 299
503 82
319 92
196 574
168 561
437 368
318 652
169 682
732 732
811 421
530 462
652 236
757 574
26 410
501 231
430 649
505 0
98 519
428 615
819 566
649 369
814 767
762 540
513 488
869 461
201 527
849 410
148 732
126 690
745 390
387 0
689 146
394 677
398 600
81 762
718 133
171 767
693 104
105 744
858 361
866 569
713 564
