480 112
376 50
344 70
572 18
545 83
377 142
471 75
522 25
579 64
539 120
543 333
463 625
491 152
370 109
569 148
79 525
582 354
290 62
300 90
470 19
583 322
584 116
482 364
593 238
414 81
527 372
404 625
349 36
546 176
336 124
434 41
600 41
594 190
733 732
551 434
704 751
546 298
519 313
583 278
445 116
432 175
325 15
53 485
618 214
545 229
695 717
407 117
795 703
112 526
614 328
612 388
14 454
268 42
21 492
501 200
454 353
466 178
754 693
473 418
502 81
118 559
813 475
479 313
272 105
613 155
638 285
500 388
286 15
782 740
811 626
815 420
200 567
237 658
191 696
85 460
11 542
287 628
283 134
504 0
228 11
823 526
61 560
29 568
316 150
253 72
498 622
635 181
168 564
190 626
539 0
520 435
430 679
173 594
415 326
826 600
477 671
180 532
489 450
241 582
155 618
465 583
670 683
518 165
867 419
242 103
741 611
441 392
823 372
776 622
142 684
318 651
534 461
308 592
653 235
275 677
460 207
587 434
539 51
425 0
241 628
500 232
420 596
223 47
266 604
859 462
26 409
0 388
781 573
811 565
532 408
215 609
602 10
766 541
395 11
380 667
510 488
820 719
643 48
750 384
212 537
695 105
170 740
751 574
139 734
7 597
723 559
716 134
96 743
650 137
207 767
883 376
69 767
866 578
143 767
