379 145
80 486
492 449
513 243
204 549
438 96
547 250
748 676
612 388
380 667
886 380
530 462
33 577
704 754
171 767
441 133
456 661
450 200
374 52
587 434
868 444
59 562
605 250
387 0
258 124
489 313
811 565
173 592
482 17
480 173
682 707
472 80
106 767
341 5
617 345
297 93
639 211
462 160
710 109
0 516
307 11
557 271
531 408
830 466
505 108
46 497
598 79
220 649
568 420
687 767
313 59
594 319
505 0
511 132
703 720
417 372
524 98
168 561
858 361
562 219
61 453
673 742
319 92
757 574
422 599
583 278
113 527
609 187
513 488
19 492
561 128
442 46
510 339
286 18
465 587
500 392
182 720
548 203
723 559
303 134
292 628
452 351
705 150
744 608
522 25
809 454
584 116
761 706
849 410
762 540
542 119
333 125
496 417
155 618
314 632
833 550
162 540
84 459
486 362
168 699
820 719
628 158
589 194
518 152
341 101
463 621
497 623
866 569
502 45
7 597
170 740
378 113
139 734
499 659
802 706
815 626
430 681
226 533
477 114
410 689
541 373
548 430
600 41
415 166
266 43
330 46
430 649
68 543
797 600
196 585
417 77
652 236
428 342
0 557
547 299
508 200
349 36
757 755
637 183
282 135
795 638
241 628
443 583
227 37
242 602
228 11
290 660
766 598
374 83
238 79
483 682
402 37
546 334
0 426
799 752
542 53
472 641
413 326
440 14
80 525
570 151
263 0
113 559
582 354
745 390
26 410
313 113
14 454
0 385
477 202
572 85
290 115
187 624
635 262
573 21
789 576
215 569
142 594
201 527
353 148
545 80
286 67
582 65
272 681
265 641
558 0
567 463
432 180
481 45
610 303
84 751
406 118
191 696
718 133
403 633
518 309
521 63
318 149
143 687
465 329
519 641
643 48
649 369
576 250
796 680
620 36
143 767
347 72
13 541
469 424
522 436
39 440
266 604
782 767
602 10
381 23
665 685
811 421
462 389
823 526
308 596
537 1
485 476
408 139
583 0
67 767
831 605
822 376
781 622
238 105
105 744
32 521
808 351
814 767
497 593
336 648
782 734
137 533
491 154
398 600
473 459
215 609
808 476
408 97
874 421
239 660
460 0
645 319
732 732
207 767
438 389
503 82
639 388
634 291
650 137
46 544
456 689
546 174
563 105
127 706
414 18
