242 602
26 450
610 39
617 345
594 123
308 596
146 605
472 80
607 86
546 334
442 46
47 485
0 426
594 240
625 217
255 79
589 194
508 200
609 160
378 113
486 362
592 278
574 358
541 373
463 621
557 271
637 183
546 174
141 575
374 52
585 324
469 424
403 633
402 37
567 463
470 19
543 239
497 593
347 72
518 309
477 114
489 313
573 21
545 80
432 180
33 577
265 641
461 0
519 641
822 376
500 392
570 151
239 660
462 181
182 720
286 67
645 319
286 18
548 430
634 291
762 714
379 145
292 628
137 533
353 148
823 526
472 641
187 624
815 626
430 681
483 682
510 339
682 707
381 23
797 600
537 1
521 63
802 706
333 125
542 119
462 389
689 748
782 734
330 46
796 680
635 262
665 685
499 659
465 329
113 559
452 351
19 492
349 36
456 689
245 47
492 449
497 623
481 45
413 326
266 43
831 605
465 140
297 93
522 25
744 608
582 65
225 0
0 385
808 476
207 638
270 108
374 83
604 366
833 550
272 681
430 0
524 98
781 622
401 66
703 720
290 115
510 365
341 101
238 105
323 14
563 105
465 587
548 203
425 130
428 342
414 18
162 540
445 114
610 303
757 755
491 154
318 149
313 113
307 31
542 53
886 398
68 543
84 459
282 135
13 541
547 299
438 389
808 351
503 82
406 118
319 92
188 743
80 525
196 574
874 421
443 583
168 561
173 592
0 557
168 699
303 134
830 466
113 527
773 692
437 368
318 652
732 732
59 562
473 459
811 421
179 680
530 462
80 486
181 527
263 0
61 453
652 236
505 108
766 598
757 574
789 576
522 436
752 691
572 85
408 97
143 687
26 410
223 52
501 231
430 649
456 661
531 408
623 375
505 0
428 615
568 303
819 566
749 552
547 20
669 757
649 369
243 24
204 549
290 660
809 454
477 202
399 151
814 767
583 0
32 521
536 142
512 164
562 219
769 545
507 472
575 439
442 153
64 511
561 128
46 544
808 727
833 394
869 461
849 410
411 692
148 732
795 638
858 437
745 390
502 45
850 536
297 0
558 0
485 476
511 132
387 0
689 146
598 430
394 677
398 600
81 762
718 133
171 767
129 706
0 516
782 767
693 104
126 734
449 639
226 533
800 750
105 744
844 482
738 767
858 361
866 569
644 141
208 699
106 767
713 564
715 767
309 72
380 659
143 767
207 767
