472 698
447 678
806 367
523 720
683 734
470 658
866 369
425 611
447 742
593 718
694 645
653 679
811 399
417 644
674 703
439 713
659 645
734 744
820 333
393 606
322 530
899 379
716 668
815 295
476 729
18 661
822 266
720 713
637 711
35 12
521 336
472 319
782 392
359 578
578 332
887 408
328 569
768 610
767 365
672 617
613 341
358 336
398 325
428 380
33 413
865 428
523 652
18 64
834 373
399 517
417 582
903 439
851 299
511 622
103 44
529 687
0 5
695 599
550 353
65 728
417 684
371 287
397 357
938 442
24 362
785 706
356 374
746 655
474 33
781 670
92 14
334 275
756 412
335 602
474 626
450 534
848 648
488 6
617 688
401 546
485 351
507 305
542 29
725 618
959 411
811 584
419 287
49 40
73 632
310 244
63 334
83 359
429 342
881 312
837 698
784 311
711 345
447 266
312 335
445 638
411 486
365 480
336 308
488 380
361 618
278 355
739 580
402 250
58 399
62 68
92 403
826 234
572 742
749 336
42 447
596 665
624 751
23 605
628 655
368 253
831 621
706 380
831 442
586 12
559 59
857 248
979 724
831 558
632 613
702 568
459 429
98 74
389 397
548 298
447 567
375 667
871 339
633 42
982 753
37 689
767 288
671 581
804 642
291 304
748 549
870 679
503 745
127 65
78 694
154 44
871 630
909 304
700 760
887 465
872 599
78 448
44 96
568 272
398 713
700 431
584 368
646 302
923 414
463 399
674 546
122 415
296 394
729 402
793 262
417 737
516 411
502 39
97 735
300 272
606 288
873 221
40 639
909 487
625 582
117 332
187 359
12 306
391 217
579 303
53 609
430 13
590 52
619 78
397 13
351 214
260 385
159 381
113 615
639 552
663 75
527 378
990 652
477 767
757 688
199 47
798 553
338 408
100 673
1023 676
372 697
7 159
587 767
771 639
359 534
0 558
540 86
812 672
544 0
298 557
254 332
0 404
368 420
842 405
198 289
231 379
228 27
9 457
687 93
54 368
223 306
614 0
327 651
56 759
300 216
8 190
649 0
409 427
1007 767
131 5
424 767
6 633
631 269
1019 712
731 303
993 685
107 767
733 432
318 493
0 95
518 64
441 222
0 690
0 239
0 759
29 482
196 324
854 473
220 69
3 126
160 13
79 112
509 264
400 48
0 487
951 486
