332 204
612 20
6 439
396 216
457 235
318 553
12 132
613 321
417 684
821 359
643 93
368 401
296 394
569 314
427 221
872 599
922 429
672 672
756 415
647 737
802 382
148 388
1004 727
582 360
469 730
92 115
37 417
512 283
16 205
525 82
537 712
938 400
463 18
5 613
199 326
754 737
137 351
350 257
49 0
491 354
282 360
561 13
419 585
435 35
796 581
97 638
952 429
349 517
735 580
434 512
508 699
429 653
28 309
193 40
472 633
638 0
771 264
635 767
857 276
105 687
512 40
55 600
897 367
625 582
999 634
788 707
375 309
157 59
2 701
361 621
674 703
336 308
89 22
51 68
57 655
14 19
491 767
401 712
868 336
126 80
423 294
752 381
316 506
777 334
790 416
847 231
244 319
417 0
633 42
728 679
316 344
671 581
461 433
314 423
775 629
975 663
815 445
852 440
517 370
793 552
463 399
712 716
759 559
717 404
870 655
250 380
416 403
758 670
458 567
88 467
597 762
807 315
46 479
443 542
684 766
358 336
202 70
967 718
835 410
951 486
866 369
103 743
566 742
0 767
586 720
599 263
801 236
513 614
0 367
590 52
411 486
36 42
766 296
476 323
638 632
465 286
375 667
0 241
576 684
374 549
881 484
903 395
346 487
880 259
131 0
708 448
115 419
919 470
844 714
358 582
417 744
98 353
472 698
695 599
337 653
122 310
218 287
975 751
394 360
824 618
1023 684
508 0
65 733
304 588
674 548
964 387
310 244
725 617
710 336
22 636
422 445
428 348
529 418
559 59
901 326
0 181
338 603
15 71
48 104
407 540
10 486
740 767
803 652
387 603
42 447
639 675
844 308
658 288
512 746
27 579
48 373
629 355
286 281
854 473
76 53
675 89
743 336
68 426
234 351
183 381
519 339
457 355
242 49
472 529
445 767
703 644
617 79
702 568
604 670
44 692
147 30
86 712
869 685
280 317
4 736
1007 767
631 269
10 406
438 713
535 664
551 361
181 301
402 250
672 623
374 700
501 670
77 324
394 287
669 59
391 636
300 216
448 599
768 600
78 382
910 504
2 670
723 305
492 390
877 228
720 545
400 46
381 432
822 269
732 649
639 552
705 744
735 278
829 541
78 767
550 97
829 671
362 283
502 433
398 326
927 294
0 303
0 559
487 250
327 391
733 432
97 77
613 735
434 266
110 43
570 274
