396 216
417 684
24 362
756 415
647 737
1004 727
625 340
37 417
16 205
300 400
137 351
491 354
282 360
561 13
419 585
735 580
508 699
472 633
649 0
857 276
199 47
788 707
429 518
466 0
361 621
674 703
89 22
537 69
401 712
960 410
868 336
316 506
777 334
738 742
6 420
847 231
244 319
633 42
205 346
316 344
154 44
461 433
775 629
357 214
444 767
33 10
852 440
793 552
606 317
316 218
458 567
624 590
758 688
733 371
364 248
808 401
52 674
79 112
575 306
103 743
566 742
0 767
586 720
573 372
444 236
36 42
850 366
476 323
942 467
374 549
336 275
880 259
113 621
630 767
806 584
40 645
958 443
766 291
358 582
907 486
570 343
417 744
472 698
381 412
805 340
394 360
928 419
412 36
657 590
103 351
1023 684
65 733
304 588
674 548
92 696
454 383
725 617
377 675
422 445
256 394
428 348
601 47
119 434
445 675
598 679
0 599
606 0
80 451
338 603
15 71
29 482
0 455
423 381
38 329
345 309
48 104
407 540
475 37
165 378
1012 646
803 652
844 308
650 680
448 307
226 380
27 579
834 617
481 767
363 479
675 89
766 365
518 627
727 401
698 603
684 668
637 89
390 468
844 397
0 157
387 575
519 339
127 62
723 767
472 529
816 302
623 652
513 408
380 293
18 694
518 747
871 632
291 304
477 732
708 345
373 513
648 303
208 315
0 645
303 273
873 682
418 287
745 654
414 491
1007 767
438 713
606 288
229 63
307 538
418 641
880 406
402 250
396 603
608 364
672 623
0 239
501 670
985 701
709 546
896 381
448 599
13 308
592 262
905 443
683 753
877 228
356 376
508 263
768 595
450 267
526 15
698 643
753 551
822 269
93 406
837 698
885 464
744 344
509 307
336 635
643 545
700 432
126 25
527 378
716 668
853 655
837 558
327 419
633 620
398 326
927 294
352 340
583 767
0 559
813 438
0 6
720 713
583 79
60 65
77 639
97 77
790 269
51 613
44 452
