684 699
48 373
119 434
418 287
380 293
768 595
316 344
796 361
65 733
708 345
756 415
788 707
775 629
336 275
806 584
291 304
398 326
46 466
103 743
698 603
601 47
477 732
873 682
394 360
738 742
147 30
27 579
766 365
476 323
379 252
790 269
698 643
130 339
356 376
623 652
816 302
905 443
48 104
450 267
720 545
438 713
933 477
519 339
423 381
491 354
252 367
650 680
429 518
525 654
509 307
77 639
472 698
753 551
184 357
458 394
823 234
643 545
81 363
97 77
633 620
58 37
672 623
450 542
419 585
396 603
668 585
44 692
68 426
358 582
307 548
345 309
209 51
551 361
374 549
720 713
363 479
558 74
896 381
606 317
700 432
37 417
446 744
871 632
756 317
907 305
18 661
305 243
352 340
674 548
696 569
448 307
570 39
633 18
782 392
565 1
735 580
853 655
397 15
312 613
428 348
592 745
745 654
665 651
530 687
313 380
361 621
735 688
387 575
492 390
620 687
414 491
63 337
837 558
15 71
457 18
884 343
487 424
89 22
725 617
395 411
857 276
880 406
829 671
733 371
402 680
401 712
336 635
617 79
820 334
854 207
468 658
781 670
448 599
744 344
127 62
960 410
844 308
624 590
521 719
877 228
880 259
427 15
417 744
396 216
592 262
418 641
625 340
1023 684
373 513
822 269
497 46
526 15
0 133
390 468
346 405
46 68
788 309
992 649
606 0
683 733
407 540
374 700
928 419
417 236
282 360
706 673
863 454
183 38
93 406
0 367
445 675
33 10
357 214
542 306
457 355
22 608
584 340
639 277
647 66
637 712
606 288
608 364
958 443
833 375
829 416
326 579
489 4
834 617
727 401
13 308
627 749
983 752
587 697
226 380
985 701
527 378
113 621
649 95
303 273
79 696
513 614
575 306
527 413
51 613
160 69
9 182
501 670
0 6
803 637
702 767
98 672
793 552
0 559
0 767
873 588
286 395
12 219
0 455
0 406
481 767
202 295
1004 727
316 506
0 694
149 382
78 767
199 326
100 456
1 484
528 87
320 207
881 484
400 46
852 706
732 300
560 723
345 525
1023 642
244 319
829 459
131 0
455 229
693 393
487 250
