612 20
457 235
396 216
417 684
821 359
672 672
756 415
647 737
1004 727
625 340
37 417
16 205
360 405
300 400
137 351
491 354
282 360
561 13
419 585
735 580
508 699
472 633
857 276
105 687
199 47
625 582
788 707
429 518
316 223
0 759
466 0
361 621
674 703
336 308
89 22
57 655
14 19
537 69
401 712
960 410
868 336
126 80
316 506
777 334
738 742
847 231
244 319
633 42
205 346
316 344
154 44
461 433
775 629
413 304
357 214
852 440
793 552
606 317
458 567
758 688
46 479
684 766
9 457
733 371
364 248
808 401
79 112
575 306
103 743
566 742
586 720
573 372
513 614
0 367
850 366
476 323
375 667
942 467
374 549
336 275
880 259
113 621
878 585
630 767
806 584
958 443
766 291
358 582
907 486
570 343
417 744
472 698
337 653
218 287
494 725
394 360
928 419
412 36
657 590
103 351
1023 684
579 42
65 733
304 588
6 418
674 548
417 236
454 383
725 617
710 336
527 354
422 445
256 394
428 348
119 434
445 675
598 679
493 761
507 21
0 599
80 451
46 68
338 603
15 71
990 767
860 401
423 381
38 329
48 104
407 540
475 37
165 378
1012 646
803 652
58 37
844 308
658 288
448 307
226 380
27 579
48 373
834 617
286 281
0 180
647 0
363 479
675 89
824 715
766 365
727 401
698 603
637 89
390 468
532 399
387 575
234 351
723 767
472 529
816 302
623 652
380 293
18 694
445 767
706 673
395 411
518 747
973 662
871 632
373 513
208 315
0 133
86 712
709 431
0 645
280 317
873 682
745 654
414 491
438 713
606 288
229 63
307 538
418 641
345 525
396 603
608 364
672 623
374 700
0 239
501 670
985 701
709 546
896 381
448 599
13 308
592 262
905 443
492 390
877 228
874 482
356 376
508 263
768 595
450 267
698 643
753 551
822 269
76 79
93 406
639 552
705 744
829 541
744 344
509 307
78 767
829 671
126 25
539 307
853 655
327 419
633 620
927 294
228 27
352 340
583 767
0 559
387 330
813 438
525 654
720 713
583 79
613 735
790 269
51 613
