192 319
893 546
549 736
692 376
234 172
484 468
435 426
470 304
774 566
767 527
628 103
192 67
886 627
676 0
759 34
393 322
245 307
390 396
755 0
296 654
802 642
441 483
831 31
778 662
723 763
745 485
922 563
368 126
392 483
551 507
547 128
1003 142
284 163
226 42
289 470
15 267
399 113
9 44
699 225
301 481
701 680
834 715
969 351
234 427
524 0
502 61
730 105
900 516
418 513
985 331
539 101
447 512
185 426
913 576
7 96
628 443
557 419
927 367
948 161
176 319
294 683
84 501
448 103
0 767
266 212
551 461
0 358
264 696
558 356
955 321
390 363
0 214
237 715
855 499
646 96
568 671
415 83
899 361
688 363
824 632
190 86
703 571
987 101
963 647
978 281
646 482
593 476
163 334
143 239
1018 619
237 54
532 725
514 39
369 438
651 44
161 0
511 378
48 388
590 442
715 702
779 49
37 495
385 418
225 286
704 549
149 147
245 529
152 72
581 106
218 17
750 552
281 302
294 421
585 76
501 491
984 230
738 663
217 174
640 11
904 466
363 148
142 0
415 158
486 447
836 596
985 396
557 98
356 373
95 189
682 394
119 137
687 100
189 232
722 552
835 758
238 130
195 168
981 439
26 740
160 411
198 294
835 506
405 364
274 518
66 260
590 0
574 321
719 1
828 582
333 460
213 315
949 463
133 26
283 379
794 37
306 362
955 628
427 243
170 209
450 492
384 138
468 397
85 479
125 323
913 667
459 168
880 490
1012 380
346 556
90 450
820 704
933 581
336 362
34 326
597 403
750 87
351 118
536 392
414 174
524 454
160 257
1004 353
292 333
351 239
651 122
26 707
780 501
751 739
505 683
118 237
1003 285
665 406
39 767
709 598
212 57
0 403
91 261
942 247
186 4
287 352
114 15
346 258
882 381
479 113
341 408
468 220
829 491
413 433
851 21
247 666
1012 203
258 266
900 407
61 246
208 265
741 764
232 249
150 445
674 36
476 237
306 463
293 115
841 478
893 754
134 473
243 114
523 397
275 332
836 628
738 93
677 83
238 450
582 339
345 283
0 743
717 649
71 165
921 335
216 403
106 351
689 443
455 276
963 417
1013 274
938 509
227 268
58 496
623 88
804 20
385 67
370 582
522 716
128 2
996 635
368 249
146 172
549 31
137 352
231 508
98 15
885 511
439 165
791 467
344 156
118 338
852 599
212 122
443 400
675 377
1023 337
534 703
370 451
262 360
939 608
428 392
643 466
189 375
207 429
328 310
835 672
786 630
86 404
180 39
480 151
728 136
134 188
1007 82
788 532
361 464
988 742
272 243
749 51
992 712
322 100
42 720
412 402
836 55
0 723
248 150
960 127
373 330
458 145
241 376
747 19
853 0
455 256
347 314
961 702
868 394
855 46
0 435
443 367
712 671
878 703
184 408
51 27
40 363
988 696
497 724
36 20
15 720
747 117
742 676
506 399
504 475
829 6
672 59
97 645
696 7
329 250
528 50
546 333
208 454
155 219
902 642
759 68
1023 523
544 668
30 38
323 440
80 304
367 483
933 485
558 315
422 540
175 25
800 751
717 573
793 74
881 681
0 294
407 532
931 538
762 616
10 752
718 21
127 370
811 104
422 265
10 320
571 653
117 303
410 290
983 417
594 492
942 272
864 618
243 5
132 174
998 209
77 652
800 718
934 309
930 684
370 352
910 482
432 183
67 436
756 509
347 490
746 724
145 126
248 218
429 150
378 184
662 92
624 474
90 540
962 469
430 496
284 33
262 94
703 245
222 695
119 194
202 637
453 219
406 552
252 494
285 491
599 129
111 491
373 231
416 574
39 736
927 381
763 767
172 442
566 109
117 548
165 295
919 763
825 81
1023 182
1023 712
70 529
1012 702
518 432
962 737
967 672
601 57
1004 590
441 333
735 551
154 11
587 423
529 73
979 767
459 359
485 268
948 407
277 202
756 587
939 214
701 651
605 454
203 145
235 326
219 647
609 424
221 199
527 763
983 485
620 433
948 384
819 499
201 342
980 717
485 222
424 126
19 306
694 624
638 55
73 133
148 47
812 63
717 91
510 701
734 0
133 305
262 715
142 390
567 8
981 142
273 55
858 745
232 548
66 107
988 302
809 681
564 132
963 595
37 57
223 67
821 547
976 570
426 283
530 749
995 174
920 409
120 356
967 112
1023 767
1004 488
767 23
998 450
196 616
338 520
407 125
851 696
706 49
928 241
232 394
601 377
778 73
422 411
12 247
993 83
63 329
731 55
996 538
237 486
1023 119
505 13
448 296
605 100
976 681
818 738
367 164
969 269
483 375
506 767
24 764
481 185
475 492
461 328
311 389
84 118
387 155
771 675
92 359
203 684
585 377
549 683
37 279
100 75
311 258
133 517
611 141
722 503
977 613
620 455
798 498
208 367
343 183
735 707
703 80
102 385
715 728
220 377
949 486
885 767
784 455
404 579
868 683
103 242
204 410
31 73
893 483
919 392
112 412
78 270
885 744
65 71
634 79
587 147
751 664
81 424
911 738
748 631
764 81
212 391
811 570
998 662
858 767
392 214
905 699
737 742
678 427
209 479
0 76
118 31
149 284
107 287
371 513
117 517
447 243
1002 236
524 346
505 104
287 519
576 393
713 627
499 289
110 477
938 745
890 525
322 369
1019 446
964 510
333 378
374 379
796 108
0 30
573 480
13 414
180 262
663 1
190 455
1023 164
757 538
195 547
481 724
504 335
383 310
166 461
271 663
385 90
889 712
1017 223
678 119
944 355
63 462
222 598
397 78
165 100
1015 685
993 517
681 22
380 295
696 351
306 345
458 479
485 204
805 523
287 188
91 133
154 189
0 131
703 367
275 106
206 235
561 54
359 185
142 336
980 123
470 201
74 201
847 533
1014 301
619 0
493 306
524 293
964 156
183 494
0 0
413 318
649 0
892 661
556 712
744 646
42 347
122 110
714 516
245 73
772 758
896 384
138 68
357 106
959 440
359 561
463 767
403 343
62 50
782 519
426 363
431 441
243 470
395 375
493 767
798 91
443 128
303 233
914 423
816 0
389 458
227 624
483 321
786 767
92 27
981 454
975 639
200 383
966 181
626 383
906 437
99 308
116 253
709 767
227 349
120 223
939 326
661 461
771 104
401 507
202 32
350 541
35 300
82 232
341 83
306 125
136 208
156 37
723 41
331 419
279 0
509 462
732 619
372 84
492 0
257 246
13 380
98 338
402 191
369 544
0 418
74 367
993 408
543 437
80 32
85 376
854 558
39 0
293 670
79 338
1023 637
44 316
928 255
597 12
906 767
998 621
366 264
104 115
777 738
163 21
167 549
493 426
385 334
69 399
1002 689
150 100
497 144
171 388
382 571
767 4
0 277
463 187
654 392
532 366
653 18
327 118
711 229
145 492
215 672
135 419
535 17
136 276
113 0
864 722
686 41
367 410
984 378
89 316
467 124
119 56
995 364
1021 502
51 42
378 553
509 749
259 314
458 523
171 237
524 504
740 128
322 226
957 242
98 517
299 507
794 486
710 752
573 72
86 628
380 208
0 332
194 197
37 479
318 498
178 338
186 607
275 127
291 251
158 517
946 187
177 121
879 542
155 368
780 11
312 431
269 469
261 614
726 76
448 440
923 441
569 92
0 57
946 429
242 349
531 488
63 90
933 467
734 523
500 356
700 530
588 60
66 509
847 665
881 578
36 257
612 44
562 452
314 201
395 540
252 640
438 767
560 384
1006 321
726 681
634 40
204 47
104 225
945 575
321 79
821 661
169 66
791 0
319 535
985 216
264 339
318 167
84 0
622 20
995 265
136 540
235 24
587 39
348 431
433 102
457 459
52 181
689 64
270 260
492 44
400 226
934 425
466 436
1018 95
965 534
449 203
649 377
4 118
746 575
631 365
903 558
197 661
815 36
168 81
306 280
162 272
290 457
252 201
63 122
746 35
893 728
358 75
738 67
222 150
652 414
489 127
777 36
119 444
47 10
760 477
551 483
915 500
517 81
251 456
372 108
965 213
405 141
422 459
104 270
931 722
282 276
1023 576
1023 432
842 11
58 280
435 526
927 320
279 629
911 348
420 488
13 21
547 71
460 417
385 237
206 6
392 282
89 95
223 95
494 409
375 494
255 285
732 587
775 585
1021 726
774 705
932 653
6 344
882 652
1023 664
617 125
50 423
177 54
66 223
794 553
124 84
1006 552
312 521
589 506
21 85
52 301
406 304
368 314
280 695
842 727
517 113
863 642
736 43
489 172
323 139
191 594
1023 487
17 69
350 214
785 62
459 386
795 600
20 344
1023 464
662 112
905 593
710 125
361 385
0 379
920 613
580 136
206 74
183 356
378 531
92 210
550 5
666 445
77 50
629 414
21 6
165 50
894 610
512 279
227 231
237 690
1023 323
1008 423
940 554
422 219
260 385
27 448
274 441
513 314
1014 745
853 382
170 361
188 644
824 476
267 415
106 52
1021 244
217 535
529 312
478 346
323 292
706 66
214 506
1012 257
187 525
537 0
400 260
720 615
1001 750
958 299
152 315
975 733
250 185
344 341
190 283
848 634
105 626
31 411
613 358
310 320
428 312
618 64
263 510
776 622
112 462
390 586
170 174
190 152
181 188
110 164
570 494
926 278
