274 132
192 319
772 0
235 262
206 235
561 54
359 185
980 123
847 533
910 482
587 39
308 395
435 426
756 509
347 490
470 304
493 306
145 126
524 293
800 48
675 35
676 0
433 102
964 156
457 459
183 494
750 721
662 92
1023 727
215 306
624 474
0 0
270 260
556 712
962 469
744 646
135 35
296 654
262 94
703 245
779 640
222 695
441 483
202 637
831 31
122 110
406 552
714 516
285 491
965 534
449 203
368 126
392 483
551 507
4 118
284 163
226 42
289 470
746 575
111 491
405 282
49 498
701 680
245 73
834 715
197 661
1023 322
444 767
234 427
58 332
701 60
416 574
502 61
730 105
761 83
784 570
857 563
985 331
676 408
566 109
360 251
306 280
539 101
463 767
665 69
634 109
1022 245
590 84
782 519
557 419
927 367
933 688
825 81
1023 182
395 375
0 767
98 646
326 123
798 91
0 358
358 75
264 696
520 482
443 128
194 61
509 738
0 214
222 150
71 265
237 715
855 499
303 233
192 393
652 414
568 15
816 0
415 83
389 458
489 127
373 95
962 737
227 624
967 672
119 444
125 375
483 321
688 363
824 632
760 477
786 767
486 475
92 27
154 11
1019 81
895 512
471 203
646 482
593 476
163 334
975 639
143 239
795 25
532 725
529 73
164 51
603 120
979 767
965 213
514 39
405 141
459 359
0 321
422 459
438 147
948 407
511 378
590 442
626 383
727 551
939 214
149 147
245 529
235 326
750 552
219 647
705 648
281 302
294 421
931 722
116 253
282 276
1023 576
819 499
120 223
217 174
939 326
661 461
640 11
363 148
486 447
401 507
201 342
202 32
642 66
992 197
478 223
82 232
980 717
356 373
435 526
306 125
1007 438
119 137
687 100
994 99
899 755
265 218
279 629
911 348
759 610
420 488
13 21
547 71
279 0
553 361
227 209
385 237
717 91
89 95
223 95
257 246
494 409
850 611
241 0
510 701
26 740
734 0
13 380
693 8
160 411
98 338
133 305
508 84
759 758
262 715
444 337
622 451
142 390
402 191
590 0
169 263
66 107
828 582
333 460
0 418
74 367
988 302
543 437
993 408
319 314
77 292
39 0
774 705
170 209
809 681
79 338
384 138
185 90
932 653
85 479
172 227
882 652
913 667
459 168
1023 637
564 132
346 556
571 665
37 57
1023 664
90 450
50 423
933 581
223 67
990 734
495 108
34 326
821 547
976 570
904 563
415 246
995 174
250 304
1023 767
614 92
872 616
414 174
998 621
114 34
767 23
155 81
104 115
338 520
777 738
292 333
167 549
851 696
971 185
26 707
780 501
1023 268
510 497
166 467
985 241
1009 598
775 669
385 334
12 247
589 506
380 423
505 683
52 301
720 580
406 304
69 399
1006 147
1002 689
1023 483
996 538
444 272
150 100
973 491
91 261
186 4
171 388
1023 119
382 571
0 277
340 187
882 381
234 453
505 13
654 392
448 296
341 408
235 399
863 642
413 433
818 738
736 43
593 409
247 666
982 459
969 269
191 594
483 375
506 767
24 764
17 69
580 146
481 185
392 95
145 492
350 214
202 617
150 445
475 492
459 386
215 672
306 463
795 600
84 118
1023 464
134 473
243 114
135 419
863 749
535 17
525 461
582 339
665 117
285 25
894 364
345 283
710 125
136 276
585 377
71 165
37 279
689 443
864 722
963 417
984 378
920 613
938 509
100 75
89 316
349 123
252 181
133 517
467 124
21 294
798 498
208 367
146 172
102 385
137 352
344 156
119 56
949 486
77 50
1021 502
629 414
212 122
784 455
675 377
894 610
76 206
534 703
100 191
919 392
262 360
378 553
428 392
112 412
227 231
962 600
81 424
779 79
207 429
288 363
911 738
326 246
953 389
334 79
317 435
986 432
961 357
212 391
180 39
422 219
480 151
811 570
0 90
998 662
909 584
134 188
949 629
962 330
13 47
905 699
957 242
398 355
1000 460
361 464
27 448
161 299
106 363
737 742
678 427
274 194
180 425
274 441
322 100
42 720
209 479
86 628
836 55
0 723
513 314
248 150
380 208
960 127
194 197
37 479
955 704
280 386
107 287
458 145
241 376
318 498
747 19
768 51
371 513
853 0
696 35
347 314
909 435
247 474
524 346
868 394
170 361
287 519
855 46
291 251
824 476
499 289
938 745
267 415
723 704
125 331
47 393
158 517
322 369
946 187
51 27
964 510
374 379
40 363
177 121
839 762
322 225
269 469
217 535
448 440
612 63
790 478
747 117
525 431
478 346
916 410
190 455
1023 164
127 88
394 114
745 686
998 485
64 77
735 767
242 349
22 89
546 333
208 454
551 308
875 679
151 319
902 642
214 506
1023 523
544 668
30 38
464 425
207 256
187 525
933 467
1013 356
400 260
481 724
734 523
500 356
700 530
66 509
504 335
720 615
847 665
881 578
422 540
36 257
107 546
77 652
562 452
314 201
271 663
556 485
958 299
252 640
875 539
889 712
931 538
560 384
547 36
713 733
653 35
344 341
190 283
634 40
683 54
718 21
810 522
43 767
63 462
222 598
105 626
382 71
92 516
114 0
613 358
1017 200
993 517
821 661
150 215
940 609
422 265
545 744
252 500
249 611
777 102
791 0
380 295
319 535
170 174
190 152
306 345
318 167
942 272
622 20
432 188
995 265
532 364
796 748
154 189
633 434
110 164
136 540
532 400
1023 220
800 718
