203 31
187 149
398 355
966 670
862 722
190 86
973 631
844 529
441 333
74 359
266 212
962 737
286 157
766 49
611 56
249 151
35 255
35 277
202 72
458 383
152 442
140 386
124 84
238 374
261 360
43 361
883 580
243 295
220 269
131 410
969 412
849 662
901 638
231 326
180 262
854 558
232 394
364 148
238 450
343 339
385 334
715 21
49 420
99 75
385 418
347 154
296 334
13 380
860 640
210 119
215 171
997 618
570 15
378 210
232 249
432 183
382 231
985 335
526 430
274 194
214 305
893 754
103 290
294 418
28 444
13 414
157 297
858 745
963 595
190 451
384 293
586 36
422 216
425 384
172 389
1023 636
818 545
329 250
835 53
491 408
76 50
460 417
248 218
395 375
930 684
138 235
931 538
999 663
309 347
476 374
979 238
106 52
1023 575
166 461
414 297
1004 590
934 508
956 387
111 163
961 702
170 357
987 303
290 457
136 476
96 19
888 708
244 117
549 353
906 567
65 71
192 284
349 315
817 637
850 611
355 466
316 313
216 505
89 262
160 257
224 93
6 344
998 722
85 450
872 616
956 297
966 532
103 384
346 214
283 379
374 379
357 248
1012 684
281 305
534 399
955 628
445 130
560 381
316 498
239 422
74 201
462 164
333 456
842 689
307 382
893 610
243 69
213 478
800 751
310 200
811 570
170 216
389 458
834 585
795 638
252 494
95 189
275 127
183 5
117 440
139 345
938 745
585 406
778 662
366 264
162 409
126 17
202 341
174 175
936 570
564 417
192 195
793 599
63 329
447 301
79 421
71 159
547 330
143 128
775 701
980 717
999 234
386 156
186 523
682 55
245 529
272 262
151 489
319 141
431 424
48 388
252 181
77 293
481 345
821 735
17 296
177 112
343 183
266 411
90 93
806 682
580 345
182 489
240 348
121 107
799 716
262 95
992 483
86 115
133 278
988 742
835 758
944 273
549 31
225 40
995 540
316 163
127 370
614 92
879 542
274 440
162 518
689 99
960 358
207 256
824 75
885 511
347 275
632 93
965 327
745 684
903 695
994 168
805 523
317 531
275 332
919 617
206 364
992 197
0 324
1005 319
116 138
248 261
760 604
90 137
308 126
492 446
414 434
524 454
626 20
590 442
454 456
697 39
715 91
792 4
969 271
375 359
220 151
217 534
430 103
483 151
783 767
750 552
351 118
905 461
521 72
498 356
559 54
80 236
979 377
559 449
851 495
66 109
536 94
1019 767
959 154
776 531
270 467
463 124
325 99
246 477
547 71
984 577
578 376
322 433
1003 142
1023 434
777 740
715 702
662 112
346 491
646 53
1004 353
115 255
83 480
110 31
226 208
787 500
963 210
63 461
972 490
401 192
192 597
939 211
114 488
166 547
715 728
357 371
420 488
585 76
911 666
54 300
404 524
726 67
224 596
946 187
196 616
38 479
185 426
49 498
609 356
135 532
67 512
915 734
119 219
89 517
32 330
820 704
549 311
477 183
742 646
505 336
441 494
110 415
467 303
603 120
155 368
514 313
310 282
491 129
732 521
556 126
626 385
712 610
948 407
397 257
426 283
74 392
966 181
513 374
503 52
370 451
725 595
422 265
426 519
654 81
505 6
800 89
994 511
717 573
998 265
568 106
550 5
956 455
930 652
712 126
404 171
535 17
927 367
626 411
1020 527
484 468
332 80
714 516
751 16
922 389
79 338
1022 458
874 673
332 411
722 552
936 326
761 475
408 413
786 469
365 519
735 707
149 147
1023 727
194 223
1011 414
195 381
7 96
821 474
942 247
934 721
246 609
148 100
758 512
700 680
414 88
99 341
345 551
590 0
32 40
738 1
1003 461
451 193
378 553
481 320
746 724
290 518
395 540
1023 705
940 609
868 393
745 572
701 651
325 368
190 313
161 332
679 424
444 272
693 8
202 637
19 4
988 644
656 392
208 427
22 70
664 3
80 32
911 348
771 104
368 171
916 410
135 297
1016 115
1023 322
447 512
980 117
366 128
928 445
689 439
543 437
162 195
422 455
744 117
675 35
551 483
278 630
830 606
682 394
1017 223
675 377
629 475
301 233
963 647
510 497
442 149
993 408
700 57
390 396
905 524
1021 178
13 21
252 638
668 69
815 35
371 502
485 222
177 607
226 628
821 661
247 665
836 628
144 2
1023 483
1012 203
688 363
291 656
208 454
133 187
619 0
2 214
234 172
603 19
528 486
525 346
38 0
661 461
851 0
140 68
209 323
359 76
284 25
949 486
284 494
1022 245
213 672
259 314
326 123
964 512
1018 372
816 0
410 125
443 400
195 168
467 240
355 439
999 94
981 439
258 690
0 60
270 662
0 0
125 331
710 752
761 83
114 0
92 316
524 293
607 454
909 435
174 27
506 107
799 48
466 436
704 549
322 225
58 261
413 318
915 500
491 33
580 136
105 365
232 691
58 31
0 277
422 540
496 290
532 364
732 619
882 381
183 238
219 646
601 377
455 256
203 398
741 764
92 210
373 94
743 54
188 41
392 489
947 426
550 505
471 203
443 219
835 506
293 179
10 243
743 78
458 362
287 355
0 435
776 622
883 654
50 14
843 33
841 478
919 763
117 517
404 579
198 659
39 61
998 698
646 482
367 410
414 246
524 0
164 51
392 95
880 490
0 38
783 64
136 208
759 758
595 491
737 31
346 520
485 426
63 90
1023 157
535 52
632 451
574 321
461 328
905 593
97 228
342 361
773 587
282 0
842 727
83 4
178 338
52 181
458 479
977 613
827 17
260 385
651 424
485 268
313 260
147 173
290 114
367 483
726 681
509 749
504 475
207 13
767 4
235 24
715 235
31 411
793 26
618 431
805 66
154 25
985 216
448 103
157 84
733 742
430 311
64 224
960 127
173 67
786 573
597 423
85 376
1003 287
93 404
272 243
1023 303
368 314
811 104
15 48
67 436
460 144
243 5
794 554
1023 666
26 740
1023 340
545 744
26 707
552 695
719 1
0 723
481 724
932 298
574 483
631 365
522 716
510 701
423 147
1014 745
40 728
568 671
728 136
541 721
0 758
449 767
751 664
571 653
475 492
699 225
391 131
502 681
52 244
43 767
104 546
7 741
24 764
485 765
172 442
271 57
928 231
118 237
544 670
426 363
527 763
247 49
512 279
1016 267
385 67
935 466
656 374
1021 96
75 643
479 113
98 646
611 141
745 485
694 624
105 626
858 767
301 481
6 123
84 627
213 692
436 250
72 132
237 715
405 153
262 715
81 540
774 552
370 582
283 686
301 677
44 316
926 278
