0 767
392 346
265 218
990 724
532 725
506 767
976 570
0 379
392 483
460 270
494 409
686 377
380 423
895 512
0 418
744 646
360 251
537 0
66 509
860 608
169 263
235 262
931 538
775 669
0 358
421 280
824 476
428 392
828 582
967 672
444 337
919 392
759 610
284 163
441 493
593 409
40 363
855 499
190 152
341 408
824 632
585 377
281 302
735 767
894 364
319 314
634 109
369 393
793 639
562 452
602 133
382 571
346 556
720 615
71 165
264 696
177 121
345 283
904 466
170 361
532 400
217 174
212 122
0 294
975 639
612 63
525 431
1013 356
422 219
711 229
847 533
957 242
314 201
613 358
308 395
27 448
727 551
318 498
560 384
774 705
1023 119
37 479
988 302
568 15
92 516
718 21
306 345
318 167
705 648
191 594
134 473
857 563
529 73
728 596
319 535
274 132
217 535
933 688
110 164
380 295
279 629
493 733
464 425
687 100
58 332
119 56
795 600
248 150
904 563
1006 147
135 419
50 423
64 77
723 704
74 367
76 206
183 494
215 306
145 492
145 126
185 90
90 450
186 4
953 389
851 696
964 156
587 39
160 411
136 540
1002 236
745 686
955 704
243 114
760 477
825 81
292 333
700 530
406 552
713 733
167 549
847 665
111 491
280 386
958 299
245 73
809 681
459 168
92 27
380 208
127 88
800 718
980 123
47 393
705 582
166 467
909 584
836 55
553 361
274 441
119 137
400 522
949 629
546 333
998 662
235 399
863 749
89 95
250 304
821 547
255 527
201 342
294 421
457 459
136 276
317 435
333 460
486 447
350 214
234 427
406 304
143 239
102 385
810 522
306 280
768 51
63 462
187 525
150 445
665 117
223 95
222 598
361 464
717 676
1023 523
478 346
839 762
433 102
214 506
119 444
459 386
443 128
984 378
0 321
902 642
252 640
209 479
676 408
963 417
790 478
432 188
296 654
262 360
777 738
590 442
486 475
995 174
267 415
988 696
818 738
911 738
100 191
642 66
1015 685
962 600
593 476
998 621
326 246
756 509
235 326
249 611
734 523
36 257
347 314
939 214
340 187
241 376
965 213
525 461
344 341
798 91
920 613
547 36
942 272
539 101
946 187
875 539
202 32
629 414
371 513
863 642
798 498
971 185
961 357
894 610
906 767
511 378
864 722
965 534
881 578
349 123
81 424
422 459
234 453
190 455
483 375
77 292
132 21
208 367
142 390
247 666
505 13
334 79
985 331
467 124
133 517
502 61
262 94
678 427
551 308
481 185
905 699
85 479
1009 598
582 339
306 125
77 50
480 151
931 722
564 132
780 501
622 20
994 99
913 667
750 721
566 109
476 237
37 279
371 190
557 419
226 42
170 174
998 485
171 388
402 191
338 520
347 490
782 531
1023 220
356 373
777 102
344 156
590 84
363 148
269 469
938 509
122 110
995 265
322 100
747 19
21 294
202 617
500 356
227 624
323 139
189 232
1023 767
400 260
875 679
624 474
747 117
91 133
271 663
923 441
1023 637
624 82
252 500
969 269
1008 423
116 253
163 334
161 299
489 127
137 352
626 383
158 517
291 251
194 197
289 470
322 369
190 283
250 185
358 75
385 237
207 429
107 287
100 75
932 653
91 261
689 443
979 767
962 330
634 40
215 672
853 0
120 223
66 107
654 392
998 209
1023 576
996 538
170 209
415 83
52 301
192 319
112 412
423 517
237 690
12 247
247 474
1006 321
556 485
206 74
710 125
30 38
242 349
413 433
973 491
744 88
458 145
125 375
1023 464
717 91
470 304
448 296
98 338
150 100
270 260
1023 182
306 463
949 463
202 637
746 575
159 149
227 231
513 314
504 335
737 742
0 30
834 715
180 425
993 517
435 426
868 394
387 155
13 47
133 305
734 0
561 54
662 22
82 232
248 712
69 399
815 36
889 712
17 69
662 92
700 0
514 39
805 65
524 293
580 146
0 90
449 203
58 280
303 233
1023 712
964 510
34 326
285 491
444 767
483 321
459 359
696 35
986 432
219 647
223 67
150 215
551 507
397 78
114 34
626 0
796 748
520 482
287 519
255 285
730 105
394 114
499 289
414 174
663 1
368 126
125 323
373 95
939 326
680 77
775 585
652 414
493 306
384 175
782 36
882 652
772 0
505 683
39 0
786 767
227 209
327 118
37 57
438 147
681 22
415 246
112 462
106 363
1023 164
633 446
197 661
142 0
311 258
779 79
113 0
222 150
939 608
571 665
89 316
524 346
161 0
1021 502
152 315
933 485
140 151
982 459
177 54
683 54
767 23
714 58
1000 460
117 528
282 276
885 767
367 169
322 226
1002 641
791 0
816 0
279 0
155 81
736 43
86 628
204 410
175 25
150 62
596 0
231 21
104 115
763 569
51 27
1023 664
589 506
754 69
1017 200
71 265
21 6
42 720
212 391
154 189
146 172
620 433
107 546
470 201
285 25
429 163
357 438
134 188
666 445
434 252
193 392
1023 307
4 118
953 490
1018 95
94 405
405 141
843 23
152 25
457 236
495 108
241 0
0 0
77 652
1023 268
544 668
0 214
775 554
