274 132
192 319
772 0
235 262
934 309
615 16
206 235
215 64
561 54
359 185
234 172
980 123
470 201
847 533
910 482
587 39
308 395
1014 301
88 657
435 426
756 509
347 490
470 304
493 306
145 126
524 293
800 48
628 103
675 35
676 0
433 102
964 156
457 459
72 132
183 494
750 721
248 712
662 92
1023 727
215 306
624 474
0 0
270 260
520 115
556 712
962 469
744 646
135 35
430 496
296 654
830 606
262 94
703 245
934 425
779 640
222 695
42 347
202 637
831 31
119 194
122 110
1018 95
406 552
714 516
285 491
278 214
965 534
449 203
927 242
550 682
368 126
392 483
551 507
4 118
284 163
226 42
289 470
746 575
111 491
405 282
49 498
424 295
701 680
245 73
834 715
571 85
197 661
444 767
234 427
58 332
772 758
701 60
524 0
416 574
502 61
730 105
322 378
784 570
857 563
985 331
231 21
959 440
676 408
566 109
360 251
306 280
539 101
973 631
853 22
447 512
463 767
665 69
1022 245
590 84
913 576
391 131
7 96
919 763
403 343
62 50
782 519
624 82
557 419
927 367
933 688
825 81
0 758
1023 182
395 375
798 91
893 728
0 358
358 75
264 696
738 67
520 482
955 321
443 128
194 61
509 738
0 214
222 150
71 265
855 499
303 233
652 414
568 15
816 0
415 83
389 458
271 57
489 127
373 95
962 737
135 532
953 490
227 624
967 672
119 444
125 375
483 321
688 363
1004 590
824 632
760 477
1023 451
486 475
92 27
154 11
895 512
646 482
593 476
163 334
143 239
795 25
207 13
532 725
529 73
603 120
979 767
965 213
514 39
459 359
0 321
422 459
438 147
948 407
511 378
590 442
425 384
715 702
217 453
626 383
1022 621
727 551
939 214
149 147
245 529
783 64
235 326
750 552
219 647
705 648
281 302
294 421
931 722
620 433
116 253
282 276
350 429
1023 576
819 499
709 767
656 374
120 223
283 686
661 461
640 11
363 148
415 158
486 447
401 507
201 342
202 32
642 66
992 197
478 223
350 541
985 396
82 232
980 717
247 49
58 280
356 373
341 83
435 526
306 125
136 208
119 137
687 100
994 99
899 755
786 469
279 629
911 348
759 610
384 175
347 275
13 21
547 71
279 0
553 361
227 209
332 411
981 439
460 417
385 237
717 91
89 95
223 95
257 246
494 409
850 611
241 0
510 701
26 740
734 0
13 380
693 8
160 411
98 338
133 305
508 84
444 337
622 451
142 390
402 191
255 285
169 263
66 107
828 582
333 460
0 418
74 367
988 302
543 437
319 314
77 292
39 0
40 728
774 705
170 209
809 681
79 338
185 90
932 653
85 479
125 323
172 227
882 652
913 667
459 168
880 490
564 132
1010 438
571 665
37 57
1023 664
90 450
50 423
933 581
990 734
495 108
34 326
821 547
976 570
415 246
995 174
250 304
1023 767
177 54
872 616
998 621
114 34
767 23
155 81
365 519
104 115
338 520
1006 552
777 738
1004 353
292 333
167 549
851 696
971 185
585 406
26 707
780 501
1023 268
422 137
510 497
166 467
985 241
775 669
385 334
12 247
589 506
380 423
505 683
52 301
762 586
720 580
406 304
69 399
709 598
1006 147
1002 689
237 486
444 272
150 100
973 491
91 261
186 4
485 426
962 234
171 388
1023 119
382 571
0 277
340 187
882 381
505 13
654 392
448 296
855 382
235 399
863 642
413 433
818 738
736 43
247 666
982 459
323 139
94 405
969 269
191 594
1018 372
446 228
1023 487
483 375
506 767
24 764
327 118
17 69
580 146
208 265
481 185
727 610
145 492
350 214
202 617
150 445
475 492
459 386
461 328
215 672
306 463
795 600
841 478
84 118
134 473
243 114
705 563
596 0
75 643
135 419
387 155
863 749
535 17
525 461
582 339
665 117
285 25
894 364
710 125
92 359
136 276
585 377
71 165
193 392
113 0
117 528
37 279
689 443
864 722
963 417
984 378
920 613
938 509
100 75
89 316
349 123
311 258
467 124
21 294
798 498
208 367
735 707
146 172
102 385
137 352
550 5
344 156
150 62
119 56
629 414
885 767
212 122
443 400
675 377
894 610
512 279
76 206
534 703
204 410
100 191
919 392
262 360
378 553
939 608
112 412
227 231
467 240
962 600
81 424
207 429
288 363
911 738
326 246
953 389
1023 323
764 81
317 435
255 213
961 357
212 391
422 219
480 151
811 570
998 662
949 629
1002 641
13 47
905 699
322 226
1000 460
361 464
27 448
161 299
737 742
678 427
274 194
180 425
274 441
322 100
209 479
86 628
836 55
0 723
513 314
0 76
81 540
248 150
380 208
960 127
194 197
37 479
955 704
280 386
107 287
458 145
241 376
318 498
747 19
768 51
853 0
696 35
347 314
909 435
524 346
170 361
287 519
855 46
291 251
938 745
878 703
267 415
47 393
158 517
946 187
964 510
51 27
374 379
177 112
839 762
744 88
269 469
217 535
448 440
612 63
747 117
525 431
573 480
478 346
916 410
190 455
1023 164
127 88
745 686
998 485
64 77
735 767
242 349
546 333
551 308
875 679
902 642
214 506
1023 523
30 38
187 525
933 467
491 33
1011 414
400 260
481 724
933 485
734 523
500 356
700 530
66 509
504 335
847 665
881 578
422 540
36 257
175 25
107 546
562 452
314 201
271 663
958 299
152 315
252 640
875 539
931 538
560 384
547 36
394 95
713 733
653 35
250 185
344 341
190 283
634 40
683 54
718 21
810 522
43 767
63 462
222 598
382 71
105 626
92 516
613 358
321 79
1017 200
811 104
993 517
821 661
422 265
545 744
252 500
249 611
777 102
791 0
380 295
112 462
319 535
170 174
190 152
306 345
318 167
942 272
432 188
995 265
532 364
796 748
154 189
110 164
532 400
1023 220
800 718
775 554
