480 112
376 50
572 18
344 70
543 79
471 75
377 141
522 25
578 64
539 120
543 333
463 624
491 152
369 108
569 148
79 525
470 19
290 62
583 322
577 351
414 81
584 116
593 237
482 364
527 372
349 36
546 175
404 625
434 41
600 41
336 124
594 190
551 434
732 732
546 298
432 175
560 266
519 313
704 751
445 116
325 15
322 93
618 214
53 485
406 117
545 229
795 703
695 717
614 328
112 526
266 39
501 196
454 353
13 452
21 492
466 178
38 435
290 115
473 418
753 693
501 82
488 309
813 475
117 558
613 155
638 284
286 15
500 388
85 460
200 567
813 624
236 658
191 696
782 740
11 542
291 627
228 10
823 526
61 560
253 72
316 150
29 568
498 622
635 181
645 313
168 564
190 626
430 679
414 325
520 435
152 591
830 597
504 0
489 450
241 582
477 671
540 0
465 582
264 639
242 103
670 682
518 165
823 372
441 392
867 419
744 606
776 622
319 652
142 684
534 461
653 235
308 592
275 677
587 434
500 232
420 596
223 47
266 603
859 462
0 386
780 573
214 608
532 408
1 424
766 541
212 537
