471 698
806 367
523 720
866 369
425 611
694 645
683 734
652 679
593 718
447 742
734 743
815 294
322 530
18 660
34 12
472 319
521 336
578 332
887 407
359 577
768 600
398 325
358 336
428 380
33 413
18 64
396 651
523 651
103 44
398 517
371 287
938 442
696 598
65 728
474 29
24 362
746 655
785 706
542 29
755 412
450 534
474 626
847 647
310 244
418 287
63 334
811 583
73 631
881 312
317 610
600 677
857 273
313 334
711 345
365 480
837 697
611 362
488 379
62 67
826 227
93 401
23 605
586 12
420 236
776 335
822 418
624 751
586 64
389 396
632 613
979 724
633 42
767 288
458 429
154 44
711 542
805 641
568 272
78 448
887 465
770 543
872 599
260 359
699 430
397 712
646 302
297 393
516 411
873 221
606 288
117 331
186 358
12 306
397 13
351 214
645 573
662 74
990 652
199 47
338 408
99 673
1023 677
7 159
540 86
198 289
