201 30
187 149
398 355
189 86
266 212
440 333
74 359
844 529
973 631
965 669
862 722
767 47
611 56
248 151
286 157
35 255
35 277
975 733
202 71
123 83
220 268
243 295
36 357
261 359
238 374
461 381
140 386
131 410
969 412
152 442
883 580
364 148
180 262
231 326
385 334
343 339
232 394
49 420
238 450
854 558
901 638
849 662
569 15
714 21
102 73
210 119
347 154
215 171
432 183
274 194
378 210
382 231
296 334
13 380
385 418
526 430
997 618
860 640
232 249
102 290
157 297
210 302
984 335
14 412
293 417
28 443
963 595
858 746
893 753
586 36
76 50
422 216
138 235
329 250
383 293
425 384
172 389
491 408
460 417
190 450
818 545
105 52
834 53
111 163
979 238
414 297
987 303
309 347
395 375
956 387
166 461
934 508
931 538
1004 590
1002 660
930 684
888 708
95 19
65 71
244 117
192 284
351 311
316 313
549 353
170 357
290 457
355 466
136 476
216 505
906 567
817 636
960 702
224 93
357 248
160 257
89 262
956 297
9 340
85 450
966 532
1023 575
850 611
872 616
1023 636
998 722
445 130
463 163
74 201
346 214
281 304
282 379
374 379
560 381
307 382
103 384
534 399
239 422
333 456
213 478
316 497
811 570
1011 683
243 68
275 127
95 189
310 199
170 215
585 406
117 440
389 458
258 492
834 585
893 610
954 628
795 636
842 689
183 5
126 17
174 175
366 264
202 341
139 345
936 570
777 662
143 128
71 159
192 195
999 234
447 301
63 329
547 329
564 416
79 421
793 599
775 701
682 55
319 141
386 156
252 181
272 262
77 293
431 424
150 489
186 523
244 529
90 93
177 111
343 183
17 296
481 345
580 345
48 388
806 682
820 735
262 95
121 107
86 115
133 278
239 348
266 411
992 483
182 489
799 716
549 31
225 40
614 92
943 273
834 757
824 75
632 93
687 98
316 160
347 275
965 327
275 332
960 358
127 369
273 440
162 518
317 531
995 540
879 542
745 684
90 137
116 138
995 167
992 197
1005 319
206 364
492 446
524 454
885 511
805 523
760 604
919 617
903 695
792 4
625 20
697 39
715 91
308 126
483 151
414 434
590 442
454 456
217 534
750 552
559 54
520 72
536 94
430 103
351 118
220 151
80 236
969 270
0 324
498 356
560 449
905 461
851 495
776 531
547 71
325 99
463 124
959 154
979 377
270 467
983 577
777 740
646 53
662 112
1003 142
578 375
323 432
245 477
346 491
714 702
111 30
401 192
226 208
963 209
939 211
115 254
1007 350
63 460
83 480
972 490
785 496
166 547
189 597
715 728
726 67
584 76
946 187
609 356
357 371
38 479
114 487
420 488
49 498
404 523
224 596
196 615
911 666
477 183
54 300
549 311
32 330
110 415
184 426
441 494
67 511
89 517
135 532
742 646
820 704
915 734
1019 767
603 120
555 126
491 129
119 219
310 282
467 303
514 313
505 336
626 385
731 521
712 610
397 257
513 374
948 407
1023 435
725 595
505 6
502 52
966 180
422 265
74 392
426 519
654 81
799 86
568 106
998 265
1023 458
751 16
535 17
712 126
404 171
927 367
626 411
956 454
994 511
1020 527
930 652
738 0
343 92
922 389
484 468
714 515
874 673
936 326
79 338
786 469
760 475
365 519
722 552
149 147
194 223
195 381
332 411
821 474
758 512
245 608
32 40
414 88
148 100
451 193
257 246
395 540
376 550
345 551
934 721
746 724
481 320
99 341
1003 461
745 572
940 609
701 651
712 671
190 313
161 332
19 4
443 272
325 368
202 637
693 8
656 392
664 3
208 427
771 104
1016 115
368 171
135 297
899 361
1023 705
980 116
744 117
916 410
422 455
675 35
514 38
162 195
301 233
681 394
928 445
551 483
277 630
692 376
629 475
591 0
1023 322
1021 178
252 638
815 35
668 69
226 628
821 661
247 664
144 2
208 454
291 655
133 187
1012 203
525 346
696 351
528 486
385 566
38 0
359 76
949 486
1021 500
214 671
326 123
284 494
410 125
816 0
999 94
467 240
987 433
270 662
257 690
0 60
114 0
761 83
524 293
92 316
125 331
174 27
506 107
799 48
322 225
232 691
105 365
58 261
496 290
532 364
372 93
219 646
741 764
392 488
443 219
471 203
883 654
819 499
164 51
392 95
622 451
0 38
668 447
647 423
147 172
509 738
1023 156
713 222
786 573
0 723
541 721
0 758
